1 1 VaseMing 20.00 20.00 200.00 0
1 2 ClockVintage 50.00 50.00 500.00 0
1 3 StatueBronze 100.00 100.00 2500.00 0
2 4 CarTeslaModelS 50000.00 50000.00 75000.00 0
2 5 CarFordMustang 30000.00 30000.00 45000.00 0
2 6 CarBMWX5 100000.00 100000.00 125000.00 0
3 7 NecklaceGold 500.00 500.00 1000.00 0
3 8 RingDiamond 2000.00 2000.00 5000.00 0
3 9 BraceletPlatinum 1000.00 1000.00 2500.00 0
4 10 BookRareEdition 300.00 300.00 800.00 0
4 11 BookSignedCopy 150.00 150.00 500.00 0
4 12 BookFirstPrint 200.00 200.00 600.00 0
5 13 TableOak 200.00 200.00 1000.00 0
5 14 ChairLeather 100.00 100.00 500.00 0
5 15 SofaModern 500.00 500.00 2000.00 0
6 16 PaintingMonet 100000.00 100000.00 150000.00 0
6 17 SculptureMarble 20000.00 20000.00 35000.00 0
6 18 DrawingPencil 5000.00 5000.00 10000.00 0
7 19 PhoneiPhone15Pro 1000.00 1000.00 1500.00 0
7 20 LaptopMacbookAir 1500.00 1500.00 2000.00 0
7 21 HeadphonesSony 500.00 500.00 800.00 0
8 22 ToyLegoSet 100.00 100.00 300.00 0
8 23 ToyCarDiecast 50.00 50.00 150.00 0
8 24 ToyDollBarbie 75.00 75.00 200.00 0
9 25 FootballSigned 300.00 300.00 1000.00 0
9 26 TennisRacket 500.00 500.00 1500.00 0
9 27 GolfClubs 1000.00 1000.00 2000.00 0
10 28 WatchRolex 50000.00 50000.00 80000.00 0
10 29 BagLouisVuitton 2000.00 2000.00 5000.00 0
10 30 ShoesYeezy 1000.00 1000.00 2000.00 0
